184
353
397
1298
1368
1486
2254
2375
2376
2377
2378
2443
2619
2894
2895
2896
2897
2898
2899
2900
2901
2902
2903
2904
2905
2906
2907
2908
2909
2910
3242
3243
3244
4219
4771
4829
4830
4857
4941
4944
5101
5712
5764
5847
5848
5849
6007
6008
6009
6010
6180
6630
6632
6633
6812
6938
7043
7912
7913
7914
7915
7916
7917
7918
8143
8249
8250
8784
8790
8791
8792
9571
9572
9573
9574
9575
9576
9577
9578
9579
9609
9791
9886
9887
11267
11282
11477
11478
11525
11883
11884
11885
12833
13153
13229
13347
13583
13804
14700
14933
14934
14935
14936
14937
14938
14939
15611
15775
16354
16537
16538
16539
16568
16569
16587
16588
16589
16902
16914
16915
16916
16917
16918
16919
16920
17221
17836
17952
18004
18533
18541
18542
18543
19195
19198
19199
19205
19772
20032
20033
20160
20225
20226
20645
20646
20647
20867
20952
21030
21146
21147
21148
21361
21571
21572
21573
21574
21575
21628
21629
22037
22493
22582
22583
22804
23037
23074
23076
23077
23480
23577
23623
23624
23638
24110
24460
24461
24462
24463
24464
24465
24466
24467
24468
24469
24470
24471
24472
24473
24474
24634
24715
25152
25543
25873
25874
25875
25876
25877
25878
25879
25880
25881
25882
26151
26199
26200
26201
26202
26295
26494
26604
26605
26606
26607
26608
26609
26610
26866
26975
27096
27297
27777
28119
28120
28121
28122
28348
28370
28371
28372
28373
28374
28375
28376
28377
28378
28379
28380
28381
28382
28383
28384
28385
28386
28387
28388
28389
28390
28486
28487
28488
28489
28490
28491
28492
28493
28494
28495
28538
29069
29942
30074
30495
30497
30498
30586
30587
30588
30589
30590
30597
30598
30599
30877
30878
30879
31271
31272
31329
31330
31433
31434
31435
31436
31618
31845
31846
31863
32269
32461
32462
32463
33439
33440
33441
33442
33571
33572
33573
33574
33575
33576
33577
33578
33579
33580
34314
34490
34670
34778
34991
34992
34993
34994
35153
35222
35429
35747
35748
35767
35768
35827
35828
35970
35971
36186
36318
36333
36721
36722
37409
38084
38176
39014
39015
39016
39096
39140
39643
39652
39803
40048
40262
40284
40285
40400
40401
40402
40427
40428
40429
40430
40431
40432
40433
40434
40435
40436
40913
40914
40915
40916
40917
40918
40919
40920
40921
40922
41078
41079
41080
41081
41082
41083
41084
41145
41146
41148
41419
41429
41430
41586
41794
42068
42657
43110
43558
43559
43560
43616
43651
43652
43912
44080
44934
44935
44936
44969
45271
45839
45850
46882
46883
47307
47308
47309
47892
47966
48004
48046
48047
48048
48049
48050
48051
48052
48053
48077
48078
48453
48922
48957
48958
48959
48960
49148
49149
49215
49634
49903
49904
50173
50174
50778
51012
51013
51014
51816
52546
52812
53615
53824
54776
54777
54784
54785
55122
55123
55327
55379
55380
55466
55467
55956
56436
56527
56553
56977
56978
57067
57068
57069
57070
57071
57072
57073
57074
57239
57351
57655
57656
57705
58144
58168
58169
58170
58171
58172
58173
58174
58175
58914
58965
58997
59265
59426
59781
59936
59937
59938
59969
60109
60291
60292
60293
60294
60295
61154
61155
61428
61475
61476
61477
61478
61479
61480
61550
62614
62615
62616
62617
62618
62619
62620
62621
62622
62783
63392
63525
63526
63627
63628
63629
63630
63631
63632
63633
63745
63746
63747
63748
63749
63750
63751
63752
63753
63819
63829
64468
64475
64609
64644
65292
65293
65405
65484
65555
65556
65557
66285
66519
66715
66716
66717
66718
66977
67392
67393
67394
67395
67396
67397
67398
67399
67400
67401
67402
67403
67404
67405
67406
67407
67467
67516
67517
67595
67596
67597
67598
67599
67600
67601
67602
67603
67604
67605
67606
67607
67608
67609
67662
67663
67664
67665
67666
67889
67890
67891
67892
67893
67894
67895
68110
68148
68230
68936
69121
69500
69858
69859
70336
70706
70727
70728
70729
70730
70731
70732
70733
70830
71333
71479
71481
71862
71863
71864
71865
71866
71867
72102
72183
72184
72185
72234
72235
72236
72237
72286
72290
72291
72292
72293
72294
72312
72973
73152
73761
73835
73836
73837
73838
73839
73840
73841
74414
74415
74416
74449
74450
75017
75018
75034
75041
75045
75046
75047
75048
75049
75050
75051
75052
75053
75054
75055
75667
75893
75894
76309
76316
76450
76648
76816
76817
77485
77654
77961
78148
78149
78150
78665
79196
79199
79200
80064
80087
80088
80089
80090
80106
80184
80185
80186
80349
80434
80455
80456
80457
80458
80459
80506
80698
81568
82101
82178
82357
82524
82525
82526
82580
82581
82829
83128
83173
83174
83724
83862
85449
85450
85460
85532
85677
85903
85942
86312
86313
86649
86748
86868
87003
87021
87022
87023
87271
87395
88084
88183
88320
88332
88445
88626
88884
89650
89652
89655
89656
89657
89658
90340
90341
90342
90343
90344
90345
90346
90347
90348
90349
90541
90640
90894
92027
92379
92715
92716
92717
92718
92719
93510
93583
93584
93585
93586
93587
93642
93718
93817
93818
93820
94051
94052
94053
94054
94055
94056
94057
94058
94059
94060
94061
94062
94063
94064
94065
94066
94067
94068
94427
94428
95048
95049
95270
95281
95550
96277
96278
96378
96405
97070
97071
97072
97352
97495
97496
97498
97506
97813
97814
97821
98033
98187
98806
98807
99364
99797
99798
99799
99800
99801
99852
99994
99995
100388
100489
100962
101492
101647
102862
103511
103776
103777
103778
103779
103780
103781
103782
103783
103784
103966
103967
105476
105528
106261
106559
106560
107203
107479
108021
108123
108125
108126
108127
108129
108453
108454
108455
108456
108457
108458
108459
108460
108461
108462
108463
108464
108465
108500
108815
108909
109184
109276
109587
109588
109589
109590
109591
109592
109593
109594
109595
109709
110421
110422
110423
110424
110425
110426
110427
110428
110429
110666
110828
111120
111298
112121
112147
112430
112973
112997
112998
112999
113310
113732
113875
113876
113877
113878
114241
114613
114614
114616
114617
114619
114620
114629
114633
114634
114775
114790
115132
115530
115636
115637
115638
115643
115830
115831
115832
116082
116127
116128
116129
116130
116131
116132
116133
116147
116188
116189
116190
116203
116499
116786
117594
117692
118132
118214
119033
119639
119640
119641
119642
119643
119644
119645
120328
120706
121217
121934
122124
122125
122331
122332
122333
122334
122335
122577
122578
122579
122580
123210
123541
123880
124229
124696
124905
125127
125341
126276
126357
127191
127544
127623
127682
127739
127904
127905
128416
128571
128572
128573
128574
128575
128576
128577
128578
129007
129016
129017
129526
129527
129723
130377
130378
130379
130418
130419
130420
130624
130794
131099
131100
131101
131102
131103
131104
131105
131106
131107
131108
131109
131110
131111
131112
131113
131114
131115
131116
131607
132064
132119
132203
132600
132601
132602
132603
132604
132605
132948
133106
133174
133175
133176
133177
133178
133192
133342
133660
134043
134194
134195
134565
134708
134722
134723
134907
134952
135197
135494
135502
135516
135517
135633
135634
135808
135809
135810
135811
135971
135972
136234
136236
136237
136240
136242
136332
136682
136966
137213
137821
137940
137941
138006
138128
138129
138404
138405
138406
138407
138408
138409
138410
138411
138412
138413
138414
138415
138416
138417
138418
138419
138754
138755
138824
139192
139293
139338
139339
139583
139584
139585
139586
139676
140016
140017
140018
140019
140020
140021
140022
140023
140024
140025
140026
140027
140028
140029
140030
141816
142103
142185
142224
142294
142295
142454
142749
142750
142751
142752
142753
142754
142755
142756
142757
142957
143408
143409
143410
143411
143412
143413
143414
143415
143416
143417
143418
143419
143420
143421
143422
143423
143424
143425
143426
143436
143437
143496
143497
143498
143499
143500
143501
143590
143591
144115
144116
145060
145061
145446
147943
147944
147945
147946
148399
148447
149860
149916
149937
150407
150414
150415
150495
150510
150511
150512
150513
150514
150763
150764
150765
150766
150767
151386
151902
152604
152610
152800
153210
153367
153558
153605
153628
154280
154358
154421
154512
154567
154568
154620
154739
154963
155163
155164
155165
155166
155167
155168
155169
155170
155171
155172
155173
155174
155696
155697
155848
155849
155913
155914
155915
156388
156390
157032
157035
157040
157500
157994
157995
157996
158278
158279
158286
158287
159155
159251
159355
159357
159358
159360
159361
159806
160019
160240
160390
160943
162048
162049
162152
162322
162328
162473
162484
162485
162985
163772
163786
164298
164645
164985
165505
166477
166540
166541
166542
166560
166561
166565
166594
167620
167621
167622
167623
167624
167625
167626
167627
167628
167629
167630
167772
168519
168520
168799
168800
168801
168802
168803
168804
168896
169061
169329
170018
170337
170338
170339
170340
170341
170342
170343
170344
170795
170908
170919
170920
171349
171350
171351
171852
172223
172665
172738
172739
172813
173040
173041
173042
173406
173510
173511
173730
173767
173832
173833
173834
173835
173836
173837
173838
173839
173840
173841
173842
173843
173844
173845
173980
174058
174418
174453
174463
174736
174737
174738
174739
174816
174817
174818
175041
175042
175203
175516
175611
176163
176812
176934
176935
177130
178085
178086
178247
178459
178555
179210
179985
179986
180463
180584
180603
180905
181116
181117
181118
181119
181120
181121
181122
181256
181494
181495
181496
182103
182104
182105
182106
182149
183799
183800
183876
183877
184164
184165
184166
184167
184168
184418
185368
185369
185370
185371
185372
185373
185374
185375
185376
185377
185378
185379
185380
185381
185382
185849
185933
185934
185935
186407
186436
186603
186626
186817
187353
187354
187355
187356
187357
187358
187359
187360
187361
187362
187467
187541
187664
188147
188888
188894
188895
188896
188897
188900
188949
189052
189069
189070
189073
189074
189075
189076
189077
189078
189079
189080
189169
189223
189659
189660
189661
189688
190133
190270
190309
190310
190311
190317
190717
190722
191472
191473
191593
191884
191885
191886
192115
192666
193182
193824
193920
194092
195069
195070
195071
195862
196017
196076
196077
196078
196079
196080
196081
196082
196083
196084
196085
196086
196097
196098
196151
196545
196638
196639
196640
196641
197089
197090
197860
197887
198551
198698
198923
198924
198933
199223
199822
200364
200886
201169
201357
201533
201789
201791
201792
201793
201794
201795
201796
201797
201798
201799
201800
201801
201802
201803
201804
202232
202233
202234
202235
202236
202237
202238
202239
202286
202409
202413
203028
203352
203353
203354
205512
205513
205514
205515
205836
205925
205926
205927
206149
206445
206446
206447
206448
206449
206714
206716
206729
207380
207381
207382
207892
207893
207976
208254
208546
208547
208653
209095
209197
209198
209199
209200
209201
209202
209250
209266
210013
210523
210527
210633
210708
210967
210991
210992
210993
211357
211358
211359
211664
211665
211699
211700
211701
211702
211932
211939
212018
212406
212604
212605
214002
214439
214515
214516
214751
214752
214753
214754
214755
214756
214757
214815
215253
215772
215775
215776
215777
215778
215779
215780
215781
215783
215819
216204
216500
216540
216683
216809
216864
216865
216965
216966
216967
216968
216969
217887
218714
218930
218938
219082
219111
219378
219379
220498
220499
220500
220501
220502
220503
220504
220505
220506
220867
220868
221590
221591
221933
222014
222069
223541
223802
223803
223804
223973
223974
223975
224143
224144
224145
224146
224147
224252
224253
224254
224292
224293
224694
224695
224697
224997
225615
225616
225629
225630
225631
225632
225633
225634
225635
225636
225882
225883
226634
226635
226880
226989
226990
227351
227352
227789
228004
228006
228008
228133
228368
228369
228556
229722
229922
229923
229924
231052
231464
231465
231466
231483
231484
231485
231486
231818
232038
232039
232418
232510
233122
233123
233124
233125
233126
233365
233449
233906
234071
234371
234372
234373
235264
235265
235395
235740
236058
236262
236485
236486
236487
236488
236489
236490
236491
236492
236493
236494
236495
236496
236649
237328
237372
237373
237455
238244
238284
238749
238981
239348
239449
239483
239484
240159
240175
240176
240769
241088
241089
241090
241113
241794
241795
242109
242170
242186
242448
242571
242706
242709
242860
242861
242901
243550
244015
244436
244578
244801
245740
245741
245742
245806
246223
246461
246462
246463
246464
246609
246610
246716
246754
247111
247408
247409
247410
247411
247818
247825
248238
248239
248284
248561
248580
249242
249774
249775
249776
249804
249852
249853
249854
250413
250554
250555
251600
251601
251602
251626
251629
251643
252430
253034
253035
253036
253037
253038
253402
253403
253404
253405
253457
253589
253943
253944
253945
253946
253947
253948
254308
254393
255154
255351
255352
255644
255838
255839
255840
255841
255842
255843
255870
255871
255963
255964
255965
256933
256934
256970
257011
257416
257417
257418
257419
257420
257421
257536
257537
257553
257554
257733
257941
257944
258799
258914
259043
259044
259196
259529
259530
259531
259532
259533
259534
259535
259536
259583
260141
260459
260951
260995
261352
261594
261598
261600
261618
261622
261623
261740
261741
261742
261743
261744
261745
261746
261747
261748
261749
261750
261751
261752
261753
262070
262253
262565
262718
262719
263813
264197
264198
264199
264978
264979
265701
265844
265845
265857
265986
265987
267008
267016
267017
267018
267019
267020
267442
267443
267444
267445
267446
268176
268461
268462
268772
268858
268859
268860
268861
268862
268863
268864
268865
268866
269637
269977
270698
272993
272999
273000
273080
273507
273876
273877
273878
273879
273880
274007
274019
274020
274135
274136
274137
274387
274388
274389
274390
274391
274392
274393
274394
274395
274396
274426
274749
274800
274949
274950
274951
274952
274953
275328
275329
275330
275331
275332
275333
275353
275497
275770
276518
276642
277385
277386
277387
277388
277389
277390
277391
277392
277393
277394
277395
277396
277904
277905
278756
278955
278956
278958
278961
278962
278969
278970
278971
278972
278974
279331
279470
279526
279823
279952
279953
280006
280292
280974
281032
281148
281149
281424
281425
282546
282819
282897
282898
282899
282900
282901
282902
282903
282904
282905
282906
282907
282908
282909
282910
282911
282912
282913
282914
283527
283614
283615
283616
284455
284782
284818
285385
285386
285388
285389
285581
285986
286660
286673
286674
286675
286676
286678
286680
286881
286882
286883
286884
286885
286886
286887
286888
286889
286890
286891
286892
287004
287171
287961
287962
288122
288335
288336
289618
289619
289651
290660
290678
291037
291041
291457
291638
291670
291778
291779
291780
291781
291782
291783
291892
291893
291894
291895
291896
291897
291898
291899
291900
291901
291918
291919
292683
292684
292982
292983
292984
292985
292986
292987
292988
292989
292990
292991
292992
292993
292994
292995
292996
294715
295807
296093
296094
296095
296096
296097
296150
296195
296217
296218
297426
297427
297428
297429
297430
297431
297432
297433
297434
297435
297436
297437
297976
298562
298730
298731
298916
298917
298966
299589
299849
300392
300393
300394
300395
300396
300397
300398
300399
300592
300669
301156
301642
301643
301685
301700
301701
301756
301757
301990
301994
302100
303128
303129
303815
304452
304671
304807
305260
305261
305348
305349
305350
305351
306072
306073
306511
306528
306530
306532
306537
306637
308039
308054
308055
308056
308207
309036
309566
309567
310135
310836
310851
310854
310856
310857
310866
310868
310871
310872
310873
310874
310875
310876
310884
310885
310886
310887
310888
310889
310890
310891
310892
310893
310894
310895
310896
310897
310898
310899
310900
310901
310902
310903
310904
310905
310906
310907
310908
310909
310910
310919
310920
310921
310922
310923
310924
311018
311202
311203
311204
311455
311456
311457
311580
311581
311582
311583
311663
311934
311958
312376
312427
312428
312429
312749
312766
312767
312768
312769
313116
313480
313646
313748
314165
314166
314185
314186
314521
314656
315152
315243
315393
316231
316232
316390
316391
316392
316393
316394
317004
317253
317553
317554
317555
317556
317557
317558
317559
317560
317561
317810
318052
318265
318320
318624
318882
319399
321069
321664
321665
321666
321752
322361
322644
322657
322796
322797
322798
322799
322800
322801
322802
322803
322932
322933
322934
322935
322936
322937
323882
324481
324958
326512
326816
326817
327328
327329
327330
327331
327481
327595
327596
327597
327598
327599
327600
327601
327602
327603
327604
327605
327606
327607
327608
327609
327610
327611
329959
329960
329961
329962
329963
329964
330240
330706
330734
331202
331783
331822
331823
331824
331901
332037
332433
332434
332435
332436
332437
332922
332960
333356
333642
334038
334039
334040
334478
334978
335681
335682
335683
335993
335994
336734
336965
337187
337191
337963
338086
338306
338480
338896
340294
340328
340329
340439
340440
340441
340442
341295
341296
341462
341670
341684
342381
342601
342602
343126
343268
343269
343471
343472
343473
343474
343476
344261
344262
344263
344264
345290
345302
345303
345304
345464
345801
345802
345822
345880
345881
345889
345890
346581
346582
346735
346763
346764
347540
347541
348020
348021
348085
348185
348355
348773
349817
349818
349819
349916
349917
349918
350050
350074
351115
351194
351195
351196
351743
351744
351745
351906
351907
351908
351909
352465
352688
352689
352690
352711
353378
353402
353662
354432
354433
354434
354435
354839
354840
354841
354842
354941
354956
354957
354989
355035
355365
355636
355673
355674
355793
356137
356289
356290
356291
356485
356647
357087
357412
357413
357414
357415
357416
357838
358175
358421
358422
358423
358424
358730
358766
358767
358768
358769
358770
358778
359477
359514
359515
359516
359966
360010
360011
360903
361806
361948
362196
362197
362505
363539
363540
363541
363542
363736
365014
365132
365224
365231
365287
365288
365289
365417
365525
365526
365527
365528
365529
365530
365559
365560
365561
365836
366000
366001
366266
367128
367896
368151
368422
368870
368871
368896
369682
369775
370229
370444
370502
370699
370707
371407
371435
371436
371437
371513
371514
371623
372240
372270
372271
372272
372273
372274
372365
372366
372722
372723
372724
372725
372726
372727
373506
373507
373508
373743
374186
375550
376646
376680
376681
376969
376970
376971
376972
376973
376974
377098
377099
377100
377101
377108
377512
377721
378449
378539
379450
380264
380265
380368
380369
381090
381091
381804
382130
382559
382560
382561
382913
383262
383263
383372
383373
383374
383375
384087
384167
384257
384348
385017
385239
385564
385565
385566
385567
385568
385569
385570
385571
385572
385573
385574
385575
385576
385577
385578
385579
385580
385593
386162
386163
386164
386165
386350
386648
386649
386650
386900
386951
387707
387708
387709
388397
388502
388776
388777
388996
389205
390270
391096
391149
391402
391403
391458
391459
391460
391866
392282
392603
392859
394198
394371
394559
394560
394561
394694
394695
394696
394697
394698
394699
394700
394785
394940
394941
394942
394943
394944
394945
394983
395508
395589
395716
395717
395718
395719
395720
395721
395722
395723
395724
395725
396163
396423
396424
396425
396426
396627
396628
396654
397090
397166
397328
397329
397330
397331
397332
397333
397334
397335
397336
397337
397338
397339
397340
397341
397342
397343
397344
397345
397346
397347
397381
397382
398598
398677
398678
399457
400529
400723
400724
400725
400726
400727
400728
400729
400730
400731
400732
400733
400734
400735
400736
400737
400738
400739
400740
400741
400742
400743
400744
400745
400746
400747
400748
400749
400750
400751
400914
400915
401724
402879
402880
402883
402884
403562
403597
403605
403893
403945
404119
404120
404121
404122
404123
404393
404687
404770
405121
405174
405231
405232
405233
405234
405235
405236
405458
405459
405460
405461
405462
405463
405464
405636
405820
405961
406172
407115
407122
407241
407310
407426
407504
407668
407669
407670
408036
408273
408938
408939
409407
409859
409860
409861
410669
410962
410963
411534
411641
411642
411643
411644
411645
411646
411753
412178
412179
412180
412181
412182
412183
412510
412511
412512
412513
412870
413643
414083
414084
414161
414643
414904
415730
415922
416787
417025
417331
417332
417333
417334
417335
418273
418279
418695
418696
418697
418698
418699
418700
418701
418702
418703
418704
418705
418706
419041
419177
419178
419179
419180
419181
419182
419183
419184
419462
419695
419702
421300
421581
422039
422187
422604
422605
422627
422871
423014
423017
423127
423282
423286
424056
424057
424058
424059
424060
424061
424062
424063
424064
424065
424066
424457
424582
424583
424584
424585
424773
424774
425066
425067
425182
425257
425320
425321
425577
425578
425772
425872
425989
426367
426776
426777
426778
426779
426780
426781
426782
427027
427028
427029
427030
427031
427032
427033
427034
427035
427036
427037
427361
427514
427790
427791
428369
428474
428622
428623
428624
428860
428861
428862
428863
429437
429573
429574
429697
429957
429958
430006
430630
430643
430773
430962
430963
430964
430965
430966
432874
432875
432876
432877
432878
433358
433385
433557
434525
434526
434527
434528
434529
434530
434531
434532
434533
434534
434716
434718
434719
435039
435315
435527
435888
436233
436234
436235
436459
436460
436774
436775
436776
436941
436942
437604
437750
438109
438491
438494
438662
439098
439120
439142
439580
439581
439687
440226
440382
440392
440393
440394
440420
441211
441465
441607
441608
441609
441713
442031
442086
442087
442088
442089
442491
442492
442502
442503
442504
443322
443323
443324
443581
444373
444622
444779
445000
445173
445317
445558
445615
445616
445625
445908
445943
446152
446153
446240
446355
446356
446494
446495
446653
446654
446655
446656
446657
446658
446659
446660
446661
446662
446907
447192
447316
447317
447318
447838
447869
447953
448052
448214
448310
448827
448974
448975
448976
449000
449141
449287
449288
449342
449343
449344
449681
449843
450110
450166
451068
451242
451734
451750
451751
451760
452071
452108
452109
452110
452111
452247
452381
453041
453042
453043
453044
453045
453046
453047
453048
453049
453050
453051
453052
453053
453054
453055
453111
453112
453113
453114
453162
453163
453164
453165
453166
453632
453876
453877
453878
454036
454900
455075
455076
455495
456085
456354
456426
456696
456697
456698
456699
456700
456701
456904
456979
457081
457104
457105
457153
457154
457621
457622
457623
457627
457628
457629
457630
458274
458275
458276
458277
458278
458279
458280
458281
458282
458305
458732
458970
458980
459100
459101
459102
459103
459104
459105
459106
459107
459586
459587
459588
459722
459723
460056
460412
460413
460414
461530
461535
461536
461743
461744
461745
461746
461747
461748
461755
461926
461927
461928
461929
461930
461931
461932
461933
461934
461935
461936
461950
462486
462487
463133
463134
463135
463136
463137
463138
463139
463140
463141
463142
463143
463269
463752
464436
464437
464573
464785
464786
464802
465370
465371
466009
466021
466220
466299
466874
466875
466976
467088
467225
467226
467227
467414
467506
467507
467517
467518
467519
467520
467521
467522
467523
467524
467525
467526
467527
467528
467529
467530
467531
467991
468901
469042
469043
470161
470162
470558
470559
470565
470963
471422
471974
471975
472159
472237
472238
472239
472240
472583
472584
472585
472586
473361
473539
474226
474890
475217
475671
475672
477599
477600
477601
477753
477842
477933
477937
477938
477939
477940
477941
478065
478066
478357
478682
478683
478684
478685
478686
478690
478807
478808
478809
478810
478811
478812
480426
480512
480986
481671
482188
482189
482190
482698
482890
482978
482979
482980
482981
482982
482983
482984
483024
483025
483026
483203
483263
483264
483265
483266
483267
483268
483269
483482
483507
483820
484310
484362
484363
484364
484365
484366
484368
484369
484370
484371
484372
484898
484986
484987
484989
484991
484993
486193
486819
487646
487647
488183
488184
488296
488297
488298
488745
488746
488747
489551
489552
489553
489703
489840
489841
490099
490204
490378
490996
491284
491285
491286
491287
491744
491900
492653
493644
493960
494464
494465
494466
494467
494470
495487
495488
495554
495698
495737
496164
496165
496166
496167
496168
496169
496170
496171
496172
496173
496174
496175
496176
496177
496178
496179
496180
496261
496374
496375
496376
496377
497272
497393
497394
497820
497835
498129
498218
498365
498590
498668
498749
498877
499347
499399
499400
499401
499402
499403
499404
499405
499444
499445
499446
499583
499584
500029
500030
500031
500032
500033
500034
500035
500036
500037
500039
500447
500448
501098
501099
501100
501636
501637
501638
501639
501640
501641
501642
501643
501644
501645
501646
501718
502198
502199
502200
502791
502865
503484
503487
503490
503491
503492
503493
503494
503496
503498
503499
503500
503505
503786
503787
503984
504444
504445
504446
504447
504448
504631
505183
505869
505924
506299
506670
506671
506672
506755
506756
506757
506758
506759
506760
506773
506774
506775
506776
507433
507648
507679
507825
508401
508402
508403
508404
508405
508406
508407
508408
508409
508410
508411
508412
509155
509218
509809
510006
510007
510325
510400
511253
511254
511463
511464
511465
511466
511467
511468
511469
511470
511471
511472
511473
511474
511475
511476
511477
511478
511479
511480
511481
511482
511802
511804
511805
512094
512102
512104
512585
512586
512587
512676
512677
512678
512713
512716
512718
512720
512723
512724
512765
512861
513161
513319
513320
513321
513322
513323
513324
513325
513485
513761
513964
514224
514303
514779
515212
515217
515463
516135
516182
516183
516184
516185
516186
517341
517359
517497
517515
518191
518495
518496
519272
519273
519274
519275
519276
519277
519309
519455
519456
519457
519458
519459
519633
519798
519892
520162
520163
520164
520165
520166
520167
520168
520169
520205
520313
520314
520428
520429
520430
520450
520451
520452
520453
520454
520455
520456
520457
520458
520459
520460
520461
520462
520463
520464
520465
520466
521070
521210
521405
521406
521852
522199
522989
523659
523660
523661
524183
524692
524693
524694
524695
524696
524732
524733
524734
524735
524736
524737
524738
524739
524740
525036
525209
525210
525248
525439
525567
525913
525914
525915
525916
525917
525918
525919
526235
526432
526433
526936
527071
527072
527275
527276
527398
527532
527647
527648
527649
527650
527695
528378
528510
529344
529797
529813
530335
530338
530339
530340
530341
530458
530461
530520
530526
530559
530560
530597
530655
530826
531040
531130
531131
531132
531517
531628
531760
532049
532050
532051
532808
533263
533559
533560
533561
533562
533563
533564
533636
534379
534380
534381
534382
534383
534384
534385
534386
534387
534388
534389
534390
534391
534392
534759
535532
535533
535615
535658
535837
535875
535932
536100
536164
536578
536579
537100
537215
537216
537446
537569
537974
538134
538184
538185
538186
538453
539567
539616
539617
539618
539619
539620
539621
539622
539623
540432
540899
540956
540957
540958
540959
540960
541162
541163
541164
541237
541245
541246
541339
541411
541412
541413
541414
541644
541773
542110
542421
542422
542423
542424
542458
542459
542577
542578
542652
542850
543215
543333
543334
543335
543336
543337
543338
543905
543906
543907
543908
543909
543910
543911
543912
544324
544675
546234
546248
546264
546410
546411
546412
547301
547520
547521
547522
547523
547524
547525
547526
547527
547528
547740
547774
547788
547993
548459
548937
549671
550463
550737
550738
550739
550740
551597
551731
551855
552147
552148
552665
552667
553101
553540
553541
553542
554516
554885
554886
554887
555128
555229
555803
556628
556931
557097
557229
557292
557393
557627
557780
558207
558208
558209
558222
558223
558228
558965
559086
559852
559855
560147
560148
561183
561184
561185
561186
561187
561188
561189
561190
561191
561192
561392
561393
561655
562647
562845
563451
563452
563532
563533
563534
563665
563666
563733
564124
564230
564231
564232
564779
565018
565019
565215
565462
565634
565749
565750
565751
566224
566631
567176
567423
567424
567425
567426
567789
568972
568973
569805
570290
570390
570529
570696
571338
571582
571583
571584
571585
571586
571587
571918
572637
573620
573621
573622
573839
574246
574863
574864
575111
575112
575113
575114
575229
575330
575584
575666
575728
575982
576687
576688
576690
576692
576693
576904
577372
577373
577374
577557
577577
577695
577696
578632
578633
579177
579178
579179
579633
579966
579967
579968
580026
580027
580062
580160
580163
580276
580277
580278
580279
580317
580346
580531
580532
580603
581058
581102
581103
581223
581591
581608
581812
581813
581814
581815
581816
581817
581818
581819
582888
583191
583192
583193
583194
583492
583733
583922
584157
584158
584159
584836
584928
584946
585632
586515
586604
586605
586606
586607
586608
586609
587455
587456
587457
587626
587627
588040
588041
588042
588150
588504
588940
589748
589941
589942
589943
589944
590336
590555
590566
590879
590892
592229
592915
593580
593581
593582
594492
594597
594651
594652
594681
594844
594981
595392
595393
595534
595552
596389
596390
596515
596759
596824
596960
597094
597104
597719
597969
598221
598222
599357
599358
599703
599789
599822
600063
601081
601249
601968
603143
603486
603664
603665
604367
604368
604369
604407
604408
604409
604410
604493
605093
605094
605095
605096
605097
605098
605099
605100
605101
605102
605103
605104
605105
605106
605888
605916
606679
606755
606769
607034
607231
608269
608270
608478
609075
609076
609168
610134
610137
610138
610139
610140
610141
610142
610143
610144
610145
610146
610147
610148
610149
610150
610670
610844
610845
611528
612078
612184
612185
612186
612187
613452
613469
613872
614027
614028
614029
614903
614904
614905
614983
614984
615695
615768
615769
615770
616330
616804
616965
616966
616967
616968
616969
616970
617333
617773
617939
618548
619507
619902
619903
619904
620681
620911
620912
621438
621848
621849
623191
623420
623555
623713
623714
623715
623716
623717
623718
623719
624314
624542
624775
624798
625183
625184
625185
625186
625187
625188
625189
625190
625191
625192
625307
625308
625309
625310
625311
625312
625595
625596
625597
625598
625599
625600
625601
625602
625603
625604
625605
625606
625607
625608
625609
625610
625611
625724
625725
625726
625727
625728
625729
625906
625907
626011
626353
626388
626389
626394
626395
626506
626718
627181
627361
627362
627707
628041
628110
628121
628303
628304
628305
628306
628565
628566
628567
628568
628596
628643
628737
628743
628744
629045
629046
629529
629689
629690
629944
630178
630323
630585
630881
630882
630883
630884
630885
630886
630887
630888
630889
631676
631845
631999
632000
632001
632002
632003
632004
632005
632006
632007
632008
632009
632010
632011
632012
632013
632131
632690
632698
632805
632919
633005
633088
633089
633199
633229
633613
633614
633615
633616
633848
634127
634128
634129
634590
634591
635134
635473
635633
635847
635848
635849
635850
636059
636060
636061
636062
636554
636958
636959
637039
637127
637606
638944
639462
639606
639607
639967
639975
640666
640978
641499
641564
641565
641566
642598
642599
642800
642801
642802
642813
642820
642844
642845
642846
642847
642848
642849
642850
642851
642852
642853
642854
642855
642856
642909
643035
643177
643342
643612
643613
643919
644634
644635
644651
644656
645059
645589
645590
645591
645592
645593
645594
645595
645596
645597
645598
645599
646353
646354
646355
646356
646556
646743
646744
646745
646746
646747
646748
646749
646750
646751
646752
646753
646754
646755
646919
646995
647006
647007
647346
647347
647348
647349
647698
647699
648308
648451
648704
649003
649288
649289
649356
649357
649358
649359
649360
649361
649362
649363
649817
651094
651362
651982
651983
652622
652629
652751
653863
654368
654369
654370
654597
654598
655954
655955
656427
656428
656429
656435
656436
656437
656550
656863
656872
657174
657349
657350
657351
657681
657682
657864
657865
657866
657867
657868
657869
657870
657871
657898
658546
658747
658988
659073
659119
659507
659508
659509
659510
659612
660045
660154
660155
660817
661059
661339
661413
661695
661726
662020
662210
662569
662808
662822
662843
662913
663116
663413
663511
663512
663661
663662
663682
663683
663705
664667
666111
666617
666618
667599
667730
667731
667732
667733
667734
667762
668184
668322
668604
668907
668908
668909
668930
668931
669214
669222
669446
669447
669448
669449
669673
669674
669838
669839
669840
670001
670095
670320
670321
670322
670323
670324
670325
670326
670327
670328
670329
670330
670331
670332
670656
670658
670662
670663
670665
670666
670668
670669
670670
670671
670672
670673
670674
670675
670676
670677
671558
671965
671976
671991
672089
672090
672196
672197
672247
672281
672282
672283
672306
672563
672565
672842
673111
673112
673113
673114
673115
673116
673117
673118
673119
673120
673121
673122
673123
673124
673125
673126
673127
673128
673129
673147
673248
673863
673864
674145
674146
674167
674168
674665
675533
675590
675621
675622
675623
675624
676041
676096
676097
676098
676338
677169
677170
677171
677172
677965
677966
677967
677968
677969
677970
678179
678593
678746
678801
678802
678803
678804
678805
678806
678807
678808
678809
678810
678811
678812
678813
678929
678930
678931
678932
678933
678934
678935
679211
679212
679321
679322
679324
679446
679500
679571
679572
679573
679574
679680
679943
679944
679945
679946
679947
679948
679949
679950
679951
680497
680717
680718
680719
680720
681118
681242
681243
681278
681279
681535
681536
681537
681538
681539
681547
681548
681549
681550
682329
682442
682566
682567
683192
683554
684539
685101
686090
686150
686151
686152
686542
686666
686950
687402
687608
687690
687691
688038
688039
688040
688041
688192
688426
688427
688428
688519
688641
689368
689369
689370
689371
689536
689537
689538
689539
689540
689541
689542
689543
689544
689545
689908
689909
689910
689911
690066
690451
690452
690501
690502
690503
690504
691003
691465
692160
692388
692389
692390
692605
692750
692751
692752
693242
693243
693292
693293
693294
693906
694140
694141
694142
694143
694144
694145
694146
694147
694148
694149
694150
694151
694152
694153
694322
694323
694324
694325
694326
694327
694328
694329
694330
694331
694332
694333
694334
694335
694682
694683
694695
694743
694744
694859
694860
694861
695032
695366
695367
695368
695543
695544
695545
696207
696629
696922
697024
697025
697026
697027
697028
697029
697030
697031
697032
697033
697034
697035
697435
697436
697538
697718
697914
698281
698282
699103
699352
699353
699354
699355
699356
699357
699358
699914
700064
700625
700783
701196
701654
702769
704071
704116
704117
704118
704119
704120
704121
704122
704123
704304
704490
704774
704775
704776
704777
704778
704779
704780
704781
705760
705762
706646
706752
706974
707007
707012
707013
707256
707856
708236
708268
708278
708448
708786
708787
709943
709971
710253
710254
710255
710429
710444
710591
711468
711469
711470
711858
711976
712132
712315
712316
712317
712519
712904
713024
713038
713327
713682
713683
714251
714274
715172
715539
715540
715939
716185
716198
717334
717335
717336
717337
717338
717669
717670
717687
718450
718661
718662
719112
719179
719413
719414
719950
720251
720252
720492
720493
720494
720495
720813
721796
722095
722096
722097
722099
722507
722858
722873
722887
722888
722889
722890
722891
722892
723453
723454
723957
723958
723959
723960
723961
723962
723963
723964
723965
724240
724957
725380
725646
725647
725648
726083
726276
726277
726278
726303
726517
726518
726519
726520
726521
726522
726523
726524
726525
726526
726527
726528
726529
726530
726596
726666
726943
727092
728060
728061
728405
728606
728781
729107
729240
729363
729364
729385
729525
729803
730198
730219
730909
730911
730912
730914
730915
731765
731812
731813
732135
732136
732137
732138
732139
732140
732141
732415
732416
732417
732418
732419
732420
732421
732422
732423
732614
732615
732751
732864
732865
732866
732867
732868
732869
732870
732901
733010
733011
733143
733483
733561
733929
734808
734809
734810
734811
734812
734813
734814
735159
735305
735518
735855
735856
736359
736360
736515
736534
736535
736563
737145
737146
737904
737963
738978
738979
738980
738991
738992
738993
738994
738995
738996
738997
739026
739027
739372
739373
739795
740155
740156
740594
740897
740988
740989
740990
741023
741025
741026
741027
741028
741217
741218
741542
741543
741544
741577
741720
741721
741895
742240
742241
742575
743261
743262
743263
743411
743412
743890
744000
744001
744582
744952
745448
745538
745593
746157
746158
746543
746544
746545
746546
746547
746548
747509
747510
747511
747688
747691
747692
747693
747695
747696
747701
747702
747703
747704
747782
747783
747784
747785
747786
747787
747788
747789
747790
747791
747792
748548
748632
748634
748635
748636
748640
748702
748703
748704
748705
749006
749082
749083
749301
749717
749718
749719
749720
749721
749834
749835
749836
749837
749838
749839
749840
749841
749842
750086
750235
750545
750582
750742
751128
751148
751444
751489
751634
751635
751636
751965
752138
752172
752173
753156
753157
753301
753302
753303
754090
754144
754633
754930
756049
756050
756850
756918
756957
756958
756961
757013
757974
757985
758075
758076
758077
758078
758135
758138
758337
758338
758339
758340
758341
758448
758480
758481
758482
758744
758745
759077
759078
759079
759080
759255
759565
759638
759713
759714
759715
759716
759717
759718
759773
760152
760368
760370
760730
760731
761260
761309
761363
761426
761427
761428
761429
761430
761431
761432
762161
762222
762480
762708
762847
763027
763215
763383
763615
764783
764807
765345
765346
765347
765348
765349
765350
765351
765634
765869
765870
765878
765879
766511
766513
766581
766783
766883
766884
766885
767140
767277
767382
767383
767384
767385
767386
767550
768364
768633
768689
769195
769196
769197
769198
769293
769534
770517
770518
770519
770520
770521
771189
771190
771191
771577
771619
771620
771621
771949
771967
771968
771969
771970
771971
771972
772044
772049
772320
772737
772849
772988
773041
773105
773642
773692
773873
774056
774057
774301
774583
774684
774685
774686
774687
774688
774689
774690
774691
774692
774693
774694
774695
774696
774697
774698
775254
775512
775800
776262
776263
776264
776265
776266
776267
776268
776269
776331
776991
777446
777777
777799
777886
778104
778105
778688
778978
779228
779405
779406
779407
779408
779409
779506
779507
779508
779973
780021
780035
780143
780299
780841
780842
780941
782395
782447
782448
782449
782564
782984
783611
783612
783878
784557
784558
784559
784560
784561
784562
784622
784623
784624
784625
784626
784627
785092
785392
785393
786380
786521
786783
786784
786940
787067
787596
787597
787598
787613
787960
788034
788143
788453
788454
788455
788456
788457
789742
790411
791738
791870
791947
791952
791955
791956
791958
791961
792097
792098
792099
792307
792417
792418
792419
792426
792427
792428
792429
793289
793363
793364
793365
794990
794991
795247
795248
795674
795682
795812
796289
796385
797255
797622
797623
797624
797625
797626
798312
798313
798946
798947
799100
799155
799217
799234
799277
799554
799555
799556
799557
799559
799560
799561
799562
799722
799723
800013